5067000
9941731
4372223
3438756
5830617
4583186
9920856
7554880
9917144
9541079
6191833
3237705
2619512
3680902
4589355
6916898
9957183
7546343
6927800
3260226
3433253
9957167
3285211
3861833
2122020
5551212
6042395
7355307
3551860
9962451
7201006
8781767
7730853
9689795
7562381
4958481
8512679
6767467
3689563
6311582
3592387
7841393
4821791
3599561
2248257
2428163
9686351
9063299
4644685
3152901
3311980
3443835
6794835
4346088
4861575
4105973
3412680
2908404
3426330
5080756
9612459
5641665
9523185
6315729
8149056
5298176
6225166
8343436
6525672
7147613
6814875
5898248
3683067
9414974
4880267
3714470
6818138
5958529
5508680
5396401
7578323
4165282
4944175
7358932
3448140
5839120
8321563
3865260
3444330
7318801
9936908
5854700
9678357
7772718
5711906
5659777
8523195
8897202
3861161
6972002